Tamim
011073054
10 20 28 37
10 18 30 35
10 15 18 34
3.8
Rafi
011212012
10 20 28 37
10 18 40 35
10 15 18 80
4.0
Zahid
011212013
10 20 28 37
10 20 30 18
10 15 18 34
3.5
Tanvir
011212014
10 20 28 37
10 18 18 35
10 15 18 34
3.8
Ahad
011212015
10 20 28 37
10 15 30 30
10 15 18 34
3.9
Sabbir
011212016
10 20 28 37
10 18 30 32
10 15 18 34
3.6
Shamim
011212017
10 20 28 37
10 15 30 35
10 15 18 34
3.9
Yusuf
011212018
10 20 20 37
10 18 20 15
10 15 18 34
2.0
Rahim
011212019
10 20 28 37
10 8 30 35
10 15 18 34
3.7
Karim
011212020
10 20 28 37
10 18 20 35
10 15 18 34
3.6